100 1413 8
17 14 82
12 7 890
11 5 651
5 15 809
20 18 980
9 12 379
21 20 971
14 20 719
7 12 541
10 16 533
7 2 476
13 9 955
3 9 774
12 10 254
3 14 330
19 3 716
1 10 93
1 10 763
14 1 621
21 16 624
12 5 761
18 17 413
14 17 1
18 9 849
6 20 721
16 21 726
16 13 424
17 6 532
16 19 770
17 6 116
15 19 551
21 2 330
12 15 564
4 12 224
16 19 328
7 19 309
16 10 423
3 19 885
14 18 550
2 12 167
10 3 621
3 14 738
16 11 300
15 21 977
10 2 881
19 17 380
3 5 978
18 17 136
20 10 648
9 15 47
11 14 737
16 13 859
16 18 861
12 6 631
10 9 665
1 18 64
9 19 594
19 16 786
13 5 120
7 9 599
9 6 621
18 7 185
9 16 501
1 18 511
7 11 385
10 6 103
15 14 469
12 19 289
11 19 206
3 6 273
3 8 821
20 1 490
13 2 171
12 10 407
19 3 120
2 10 837
2 12 778
19 9 30
13 6 360
13 15 59
13 12 694
19 6 922
10 8 501
13 18 952
14 1 681
20 16 624
12 18 421
19 7 861
1 13 448
7 11 566
10 20 520
10 14 748
14 16 384
12 7 104
19 16 86
5 10 645
15 5 110
12 17 184
9 2 837
5 14 882
16 4 835
12 4 224
11 8 483
19 3 600
16 11 750
5 2 170
18 17 32
20 16 738
10 14 368
17 6 969
19 20 696
3 14 679
16 11 554
18 8 192
15 21 177
4 16 558
9 17 187
1 9 97
21 16 744
3 13 587
10 12 563
14 18 648
21 13 688
5 1 600
1 17 798
1 17 119
13 17 328
7 8 65
15 18 251
3 6 961
21 6 332
5 12 95
18 13 508
4 7 764
3 20 215
8 12 172
3 5 697
5 1 262
17 6 341
3 13 59
5 14 798
19 17 181
5 9 598
2 7 324
14 13 170
5 12 28
14 3 223
10 11 786
13 6 658
9 7 684
19 3 110
7 14 640
15 20 713
10 20 678
16 5 735
13 2 265
13 14 846
4 16 713
13 20 831
18 13 509
9 18 110
13 9 368
7 16 302
11 8 635
6 4 818
18 5 630
5 12 329
20 4 427
16 13 123
19 3 164
17 9 704
14 20 546
12 1 444
2 7 353
10 4 660
20 18 164
12 13 361
20 4 580
17 9 229
18 4 302
14 18 110
7 10 999
20 9 155
6 18 426
12 19 10
12 11 340
5 7 18
17 1 471
19 8 853
19 17 165
21 14 994
2 1 208
18 13 983
21 14 175
2 12 263
3 8 924
20 3 194
9 19 231
15 20 733
18 7 22
18 5 986
13 3 7
11 12 656
16 21 102
21 4 163
3 2 675
3 17 603
6 14 72
19 17 786
21 16 944
4 16 710
18 21 315
3 19 88
7 2 796
19 8 988
6 16 365
20 15 708
4 15 580
14 5 93
13 6 365
4 10 584
5 16 922
17 3 321
18 7 762
12 16 391
13 19 790
14 1 214
21 11 339
15 2 692
21 18 551
8 2 515
1 21 902
2 3 405
18 16 457
8 6 516
8 12 421
21 4 433
14 3 289
17 13 888
11 5 142
4 6 743
6 13 312
18 19 113
6 4 578
12 15 304
5 8 957
12 15 491
9 11 816
11 4 159
5 14 230
14 2 86
18 17 594
12 3 839
18 16 494
5 12 407
15 9 501
17 20 843
10 13 695
3 9 680
9 7 598
16 8 113
9 7 539
9 2 429
14 11 49
4 18 573
17 14 343
16 20 47
5 17 365
11 16 565
4 8 70
1 6 526
11 5 588
2 3 926
10 17 290
15 20 782
15 17 849
1 13 432
4 16 204
5 14 642
12 15 298
18 10 876
9 11 40
3 10 234
7 21 303
4 6 72
2 19 241
14 16 851
9 18 276
13 7 926
9 6 665
9 6 837
12 4 172
20 19 321
13 7 772
10 2 338
11 20 495
16 17 386
5 21 461
6 5 805
15 6 94
2 12 337
2 9 385
4 20 824
8 6 12
7 5 838
12 18 100
17 1 321
1 19 399
14 17 161
4 13 784
7 20 599
9 20 432
10 5 704
13 4 701
4 2 57
15 4 543
15 20 137
21 18 454
1 14 815
19 17 163
17 16 600
18 7 641
10 12 853
13 10 561
18 8 355
20 21 809
5 4 268
10 8 379
9 16 483
16 2 47
18 11 122
18 21 459
20 4 724
6 4 911
5 1 484
19 15 537
19 4 40
19 9 407
9 5 803
13 17 561
14 20 920
4 2 877
18 6 700
18 12 920
3 17 796
8 7 882
1 9 947
15 9 625
6 14 573
17 18 330
21 5 298
14 10 427
3 4 88
2 21 638
14 13 494
11 21 846
12 6 477
15 17 388
5 15 586
8 12 693
8 7 432
1 4 356
7 10 424
11 15 934
20 14 671
5 3 607
2 10 396
3 8 994
15 20 941
8 19 867
12 10 554
2 19 983
18 21 594
16 6 232
13 12 814
21 10 664
4 9 834
21 14 299
11 3 268
5 7 324
21 20 460
19 13 442
20 10 425
11 15 804
6 10 811
7 14 738
17 5 807
13 12 391
18 2 378
3 13 50
1 3 975
15 14 618
1 9 342
10 17 221
5 17 170
10 7 121
4 8 359
10 21 427
17 18 353
13 18 681
6 20 382
19 4 284
14 20 511
12 1 857
20 14 541
18 6 667
9 15 842
9 2 835
13 1 470
13 4 235
17 2 267
2 15 8
4 16 592
11 21 614
9 17 494
17 5 115
3 5 135
7 18 75
19 6 397
5 3 588
4 12 570
17 7 913
11 9 385
9 10 720
15 4 546
8 16 650
28 23 794
29 22 767
23 25 905
27 22 50
27 30 17
25 29 135
24 26 965
26 24 344
24 22 9
22 25 277
30 29 571
25 29 348
26 23 82
25 23 555
27 25 69
25 27 869
27 26 797
23 26 577
29 28 383
28 26 860
25 28 358
23 25 185
25 26 965
23 24 24
25 26 754
28 26 817
22 25 527
23 30 845
29 22 187
28 24 832
25 27 141
22 26 176
27 29 748
28 29 563
28 23 754
27 26 717
25 28 769
28 26 917
28 23 153
23 27 495
23 25 627
29 24 760
23 29 478
24 23 795
29 25 256
23 30 431
30 22 376
30 26 134
29 23 841
26 27 129
24 26 201
23 28 219
25 22 590
23 24 825
28 27 392
26 28 696
25 29 419
28 26 261
26 24 777
25 29 128
28 24 381
23 26 113
28 26 213
28 27 110
27 25 783
27 24 388
23 24 98
23 29 669
26 23 524
23 29 699
27 28 669
23 25 458
29 27 470
55 49 517
51 46 270
43 47 269
38 40 102
47 34 574
51 50 47
55 39 423
38 43 548
44 36 913
33 39 499
32 44 980
45 31 504
46 54 801
37 52 496
48 50 39
32 52 917
39 36 391
47 40 436
45 52 966
43 52 998
40 36 365
51 52 947
47 52 398
43 38 489
56 51 855
52 45 228
55 36 836
56 36 418
38 39 316
46 31 306
56 38 477
43 47 500
51 45 630
40 53 113
53 40 760
37 50 819
41 50 262
34 31 3
44 43 169
40 38 164
43 36 299
52 41 458
43 53 855
39 49 864
31 47 869
38 40 240
50 44 783
37 35 333
51 48 629
55 35 477
32 44 186
35 46 655
56 50 56
31 42 648
33 38 566
46 33 327
36 54 972
49 42 737
42 35 185
43 36 874
54 47 762
51 41 29
49 46 459
47 31 549
56 34 77
34 54 923
54 37 229
42 44 263
46 32 186
31 53 598
49 45 740
40 37 134
50 38 689
37 35 307
41 31 163
37 56 190
51 43 51
33 47 525
47 56 745
39 46 134
38 50 85
39 51 310
35 50 238
42 43 324
44 53 804
54 40 832
42 38 996
31 47 820
48 41 794
41 53 556
36 33 52
47 45 932
54 48 839
45 50 58
49 37 54
39 49 987
51 47 91
34 37 89
50 53 445
34 56 971
34 47 284
40 47 417
46 49 67
56 40 523
50 47 220
48 40 534
39 43 105
49 34 855
41 46 110
39 53 932
50 35 739
34 33 812
53 31 316
50 42 294
56 47 598
47 41 850
43 54 867
38 35 612
35 43 995
45 34 302
33 41 563
51 41 959
36 31 686
40 35 849
31 36 422
44 42 709
37 31 364
48 33 410
40 52 479
37 50 691
54 50 284
32 53 678
52 37 58
40 38 740
46 37 618
36 38 671
31 44 43
36 53 998
51 41 133
45 48 343
34 47 956
36 51 229
53 48 253
50 43 460
51 36 603
39 32 202
55 42 465
41 35 665
56 40 933
51 34 320
45 54 41
38 54 158
56 41 813
37 55 46
40 35 612
53 33 2
44 39 196
52 53 710
52 40 204
38 55 103
39 43 99
51 39 252
48 54 679
31 36 886
40 50 359
50 31 801
31 56 151
31 32 795
35 34 789
33 46 26
52 54 900
42 33 932
43 44 143
31 50 300
51 31 513
36 43 125
51 52 102
54 39 418
54 52 29
54 33 143
38 46 656
54 50 266
41 31 715
45 47 538
39 51 540
35 50 788
37 44 652
40 31 479
36 42 684
34 37 524
47 41 971
54 44 218
31 35 2
33 50 513
34 41 698
48 51 743
51 37 838
47 49 446
41 50 980
36 39 380
33 48 296
35 31 24
42 47 924
37 49 22
53 37 555
45 33 617
36 39 241
48 51 854
45 39 697
50 37 95
35 34 255
43 50 650
45 35 6
37 43 275
31 42 463
43 55 824
48 42 701
34 52 29
43 48 546
50 31 138
51 39 142
42 35 428
33 32 272
47 52 630
38 54 827
53 48 166
33 39 525
37 38 986
44 36 144
54 56 531
55 36 394
45 53 673
42 43 344
52 37 282
50 42 905
48 32 98
43 44 67
32 45 241
56 35 688
35 42 954
40 51 930
31 33 276
48 43 8
34 51 876
37 55 263
56 42 798
56 32 425
49 55 858
31 56 933
32 54 1
35 52 332
43 53 119
37 55 706
52 31 591
34 38 321
48 40 415
44 43 424
36 46 312
50 51 378
38 34 410
41 38 512
33 56 182
36 34 88
46 36 534
46 50 112
31 33 679
55 47 620
31 33 685
43 54 214
51 56 428
41 43 992
48 46 323
53 47 124
46 47 245
35 32 303
35 36 994
49 47 150
49 56 835
48 54 831
38 31 803
52 49 395
53 32 69
48 34 571
41 31 431
44 55 252
47 38 414
34 35 674
36 31 763
36 32 983
55 32 311
43 51 569
49 41 232
37 43 96
49 42 148
38 41 318
38 41 417
43 39 460
51 35 905
44 33 314
53 41 910
39 46 968
50 49 168
43 45 548
36 55 282
45 31 870
42 34 318
38 37 735
40 41 404
43 34 967
54 35 875
35 40 480
46 49 315
33 44 97
41 52 111
41 42 727
47 51 901
32 47 23
33 49 904
43 34 968
33 53 768
51 39 357
49 45 961
39 38 739
50 31 851
52 49 229
43 46 237
37 46 357
49 50 367
49 56 463
54 50 913
46 49 519
35 34 772
31 35 261
47 36 926
43 34 35
55 46 160
50 46 737
31 42 599
35 34 117
44 53 921
41 38 127
53 44 419
52 46 246
50 41 215
37 38 942
37 34 722
41 54 477
37 32 193
52 53 642
38 31 508
35 41 767
50 41 534
53 37 706
43 33 850
45 55 775
31 56 260
41 39 307
53 42 776
42 52 296
42 52 441
44 34 493
39 42 49
53 46 441
35 45 464
52 45 300
35 47 565
53 33 241
52 54 198
48 40 114
39 50 329
34 45 795
50 55 629
39 47 428
39 43 814
33 35 179
54 38 375
49 35 658
48 53 571
46 44 626
45 49 518
45 50 11
50 37 302
46 48 406
46 55 75
56 51 728
42 45 240
46 56 558
48 41 613
46 35 263
47 35 760
36 37 502
46 56 419
47 35 100
40 51 202
52 55 518
51 37 133
36 49 372
46 49 232
39 45 615
49 36 967
44 52 618
35 46 554
43 44 57
45 42 863
43 31 62
55 34 145
43 53 607
48 33 233
31 40 274
45 41 314
37 44 780
31 47 600
40 44 639
41 36 168
31 36 987
51 50 919
38 37 64
31 55 529
43 40 329
49 38 311
49 37 840
42 32 108
32 41 996
49 44 377
43 35 139
48 54 226
48 41 207
56 37 781
49 41 974
35 31 861
53 35 679
46 38 283
48 47 723
48 50 335
54 38 395
39 31 101
35 37 600
55 38 457
45 34 595
35 53 430
55 33 201
53 45 277
39 44 33
31 44 167
34 56 129
36 46 709
49 38 396
53 51 587
39 35 787
54 48 864
39 36 371
46 31 799
35 49 32
47 33 756
32 56 385
44 33 356
54 37 310
46 36 791
31 32 721
53 42 642
48 35 112
38 39 52
36 49 637
35 31 40
34 45 148
52 44 191
52 47 738
51 45 543
41 36 291
47 55 56
34 36 520
52 55 269
45 49 947
44 56 736
32 38 378
43 47 588
35 48 114
31 41 340
52 36 280
47 33 908
51 31 467
35 44 123
35 45 165
38 47 355
32 51 760
54 35 898
49 42 572
36 50 930
34 48 671
35 43 932
48 40 791
54 34 241
38 40 378
38 43 39
32 56 353
52 33 397
45 33 522
36 35 532
43 49 989
37 48 696
44 43 164
42 46 598
56 46 545
45 42 623
32 55 174
40 38 986
43 50 283
47 46 541
42 44 661
50 56 922
44 37 143
42 52 395
36 49 656
56 35 941
56 40 185
37 55 292
35 55 408
50 31 222
31 34 675
34 50 483
39 34 964
52 37 355
53 39 454
44 39 827
53 55 542
55 31 373
41 37 364
41 52 883
38 33 688
40 45 787
56 39 540
43 33 685
38 35 840
52 36 523
31 36 203
48 54 993
43 51 355
46 40 974
34 42 358
56 41 39
41 37 874
44 43 850
54 33 765
47 33 400
53 37 324
43 32 855
36 31 237
46 39 430
32 53 7
37 31 603
43 36 931
38 35 536
46 56 170
43 37 90
47 34 137
40 56 55
40 44 131
33 41 236
55 44 846
47 32 593
50 42 571
45 39 16
31 43 387
54 31 790
51 47 859
53 55 636
42 33 349
54 33 139
55 48 709
50 36 633
54 37 10
44 55 982
45 33 566
36 53 707
40 46 154
43 48 862
43 40 957
44 39 366
48 56 471
38 45 850
52 35 870
53 54 795
50 56 74
42 43 148
49 38 584
37 32 766
51 54 868
41 39 413
42 56 210
51 55 230
53 47 653
49 34 463
45 41 852
49 55 907
35 49 481
33 55 880
48 46 893
51 53 44
32 40 622
54 37 568
56 45 72
51 52 79
38 43 755
36 34 430
49 34 515
55 37 443
45 56 907
44 34 929
36 32 814
47 49 521
46 53 688
41 51 937
32 39 32
41 45 510
55 39 820
53 34 495
31 33 404
52 44 491
52 42 918
48 35 862
50 56 691
32 39 131
38 49 264
39 35 698
42 31 155
39 54 924
49 36 776
31 32 748
56 31 728
37 55 25
53 37 862
35 31 894
31 43 400
46 38 65
39 37 158
39 50 913
46 54 98
53 42 809
48 42 629
48 43 556
52 36 983
48 54 207
51 54 84
40 50 876
36 35 247
42 43 619
37 45 603
53 55 720
47 50 653
52 54 782
51 52 465
45 41 965
48 54 678
47 36 58
59 58 364
58 60 641
59 57 106
60 59 411
57 60 437
59 60 86
60 58 311
57 58 845
58 57 37
58 60 208
60 58 618
58 59 695
62 71 340
67 64 872
68 69 383
67 68 162
68 64 784
71 68 275
65 68 45
62 68 959
64 70 170
67 62 800
63 65 503
62 67 557
64 61 128
63 70 567
68 67 914
66 71 910
65 64 206
67 66 896
67 71 13
66 61 406
67 71 58
71 61 367
61 62 353
65 62 542
61 71 726
61 67 188
62 63 309
62 65 40
66 63 547
66 63 577
63 71 578
66 67 678
63 70 485
66 64 304
65 70 890
64 71 111
63 62 627
65 71 666
67 71 390
62 68 246
63 62 830
64 63 904
70 64 388
71 65 208
65 67 432
65 63 772
66 67 525
62 68 829
65 68 532
69 68 47
67 71 181
70 64 792
65 71 898
61 70 591
64 70 121
65 68 542
62 70 731
66 64 17
64 65 503
63 71 671
65 67 185
65 69 313
61 66 757
64 61 162
68 63 263
66 65 35
69 62 152
65 63 799
68 64 743
67 61 295
67 70 473
68 61 693
66 68 793
64 61 668
67 64 692
69 66 49
70 67 636
62 66 150
61 67 228
64 68 67
67 62 127
63 68 521
68 62 843
66 64 886
68 64 37
65 62 557
69 67 42
68 61 164
71 62 525
66 61 248
62 70 16
68 67 938
66 63 714
64 70 370
70 66 466
62 64 618
69 67 437
68 63 95
61 64 715
61 62 614
61 63 809
67 68 724
65 69 439
66 70 72
61 67 160
71 68 869
63 67 66
62 66 869
63 70 584
68 67 69
73 74 119
76 73 914
75 74 416
75 76 487
75 77 60
72 73 617
74 72 424
77 72 57
75 74 730
76 74 666
74 73 53
75 74 432
73 76 826
74 72 875
73 76 21
74 75 400
76 72 52
72 73 636
77 72 513
74 76 179
74 77 362
72 73 265
72 76 74
77 76 352
72 73 907
74 72 817
74 72 581
80 78 833
80 78 450
78 80 282
78 80 242
79 78 385
79 78 575
84 83 858
84 82 375
82 81 940
84 82 109
83 81 282
84 81 909
82 81 660
84 81 685
81 84 197
83 84 357
81 84 649
86 85 493
88 92 983
88 90 587
91 86 232
88 90 194
87 85 257
85 88 384
92 87 114
90 87 476
87 89 995
87 88 455
85 86 577
86 85 161
89 91 825
90 87 672
86 88 421
87 88 460
88 89 691
86 91 58
88 87 644
89 85 41
85 91 284
90 86 409
90 86 627
90 86 310
86 92 90
88 89 1000
91 85 706
85 92 181
86 91 270
88 91 1
91 92 605
87 86 262
88 91 209
85 92 728
88 91 602
92 88 202
90 86 686
90 92 753
85 92 201
85 86 250
88 90 678
88 90 596
91 89 245
91 87 603
92 88 250
91 92 968
90 88 582
85 89 591
92 89 88
91 88 915
91 86 686
92 91 63
91 90 312
88 86 917
94 93 433
95 94 606
93 95 734
93 95 74
94 93 70
97 99 683
99 97 172
96 99 972
96 98 9
96 98 349
98 97 1
97 99 537
96 98 664
99 98 659
99 97 492
97 98 143
99 97 433
97 98 391
16 25 42
28 63 313
23 59 410
22 36 739
36 72 111
43 65 926
44 60 199
58 73 724
59 69 151
65 78 289
61 73 601
77 79 725
79 93 787
80 90 753
80 84 575
82 99 103
84 93 334
83 89 784
91 94 870
93 96 615
98 100 562
