10 50
4 2 48249
5 3 40301
9 2 50060
2 3 79828
1 2 62646
5 3 94142
6 7 17374
3 6 67332
2 8 20397
4 6 69073
8 10 58536
6 8 25737
6 8 136
7 1 53163
4 6 97904
4 8 13269
1 3 13025
1 5 32352
9 6 70293
5 9 22663
10 5 49462
9 5 57300
2 5 41253
1 3 67801
6 3 50676
8 1 32227
9 5 69993
8 4 7840
9 8 44442
8 3 96325
3 5 75808
4 1 48687
6 5 64578
1 3 67076
4 10 85988
7 4 9473
9 1 33547
3 4 35042
3 7 48971
1 8 26451
8 9 59169
7 6 16204
5 7 3672
3 8 44507
3 8 84583
9 10 22495
10 5 77925
3 9 20201
7 4 22396
2 9 92855
