1902 1412
28273
62472
71562
11229
73084
61657
-3643
60100
84196
86495
47750
-3031
15943
23695
29787
13383
40371
42351
-35165
-24970
-12182
-42711
7395
-9838
68519
59530
14871
61466
20158
3004
97880
83658
67897
88010
-79588
-49137
37434
-45422
-94659
74247
89419
92925
34164
-72930
15204
79921
-67976
89161
89587
76760
27977
36597
-55571
-48066
75105
89060
93917
6638
-74201
-58056
93330
78141
-39382
35003
-57952
-73796
75486
89166
30238
19111
-97371
-7692
-27981
-57194
31726
67239
91053
62013
26160
-97230
84431
7866
81418
28798
72090
54826
93907
36400
14675
61895
84496
47109
12339
-43809
-81790
-60438
49890
-63963
65336
18616
78498
20364
-73787
-32118
26010
-10516
-60973
23881
80227
87464
46555
-66063
16205
65578
60614
32445
95463
-49341
47400
33364
13298
21742
-14984
85409
-51140
-95054
58600
31965
-66795
-69825
57390
4345
-92905
-97755
35145
51541
50651
60540
94560
98673
-94474
81220
30495
-41357
86380
-24698
-51277
72276
-20556
22312
38975
79798
-60615
93088
61939
38699
61139
22964
8755
88924
13328
-14558
-18317
84440
56863
-8055
56257
-61117
-3843
9872
-59444
97848
44143
12216
60786
85860
90414
14372
25077
61085
43389
53431
94819
54344
82232
-2271
-50613
-62258
-96584
-85481
51267
69311
-47411
-63892
-58148
30081
31942
39009
-73713
63249
-95395
-35446
-41292
-78590
-47831
33071
48889
-16432
-61718
-6614
80953
-59228
-95861
-15307
29415
1170
-19729
8643
-72147
74550
26955
56902
47829
9970
67137
67238
28932
-98810
-24702
-70020
68327
16753
-45633
-24730
88282
75583
-82553
-28906
81472
77754
68940
-34524
-47110
98319
23104
-1581
15180
-55139
-19383
16418
-54801
60727
62313
-5561
4162
-30219
-3959
-46628
35904
-60707
-88937
26091
18449
-2756
61099
83324
-49002
-91080
-9337
-55099
17783
-62255
87888
10638
-91655
58452
-9286
-22534
65773
-41222
82291
-18423
6422
-42607
43971
67086
58677
21322
76050
8182
16785
-48295
-89004
-29460
-71772
19473
33054
-23181
23052
93063
76974
66603
-65141
82215
-95539
46721
32683
76222
41497
76462
14190
-5156
47311
-62373
-7606
75213
29062
20230
67567
73220
68494
-13255
52782
-60690
-32985
-45373
8739
70072
54521
64239
25706
84533
81267
86798
-20686
-49765
17784
-66010
90324
2671
1676
-46136
74228
42118
-48652
66528
21461
4778
69303
-27214
-27247
16995
-77826
53424
47530
-67111
-79794
-73102
29454
-20595
35056
28116
-13835
97072
124
-10953
39091
10228
-86606
60719
33228
58994
-78904
-42695
22968
62117
26065
-52368
98781
-60865
11551
1928
37592
43212
89290
33985
7413
73365
-727
32501
17175
57372
60503
58793
34833
33841
-29301
72680
-23580
66743
95475
73213
-31533
27031
-462
31608
-91976
36530
-74373
-87416
52807
31243
-94853
-24654
95467
69128
92125
-31655
26743
31570
-56045
20495
-27810
-76153
28001
49215
-22650
741
-60033
11588
-54619
-84267
-98710
83880
12434
-28311
16453
-54327
81485
22099
-94047
90293
-27425
72026
92083
-42957
-39984
6923
80972
-1972
44078
-99712
-16917
-80448
60170
7887
49514
46566
2693
2224
77859
17130
48058
94363
52683
98088
26618
32945
-27490
79764
91593
17529
23656
55872
20513
96780
16757
54041
13616
69497
-82564
38714
41036
-28370
60705
31840
-95784
31229
-51291
59270
20850
-8001
7784
78075
86098
63354
-52982
-53497
-87206
-38197
-27827
-206
57233
56530
94191
-18153
71848
90475
63850
76687
-53947
94262
55587
-38772
-5278
90703
84833
32368
-97998
88415
42524
-45055
70549
69658
-79731
59998
99864
78432
-77671
-36068
69827
-53880
93333
34551
50800
59171
-67360
83349
15407
10132
12829
66642
-62216
5968
103
-60662
44460
62416
76444
42602
57758
-96220
-43824
851
-46054
-30021
-18940
-47229
-41736
58869
70888
49596
71900
-28793
46804
-89066
10993
-5332
40506
89701
-92821
-21097
-16384
-68569
59350
75612
84796
83412
75045
80691
59252
39890
92867
62888
64885
33413
-47962
45118
60662
-98119
16778
-25902
36764
-96095
-97171
47137
84367
64493
7901
86259
55621
68318
-12007
43582
2776
-30508
91085
58954
41377
15310
69659
32796
87301
-6910
322
5815
-88494
35179
63222
-10997
33942
-23378
73568
90701
75206
-29145
-44112
-74542
-97056
-2267
50275
91148
20042
-77096
18567
87089
5250
-15361
68452
69416
-87727
26348
98328
38903
57995
68414
87080
84865
-61541
66039
-25706
70444
39246
-23254
29693
89182
-66884
24910
-92072
-36248
80638
96163
2049
50492
-18640
19350
7483
13128
75599
30080
4706
60538
10443
74628
24914
-28234
53364
11095
81077
94656
15943
81889
41626
-45808
-7053
60342
-70802
21175
81981
59413
44505
-88100
87697
28934
-36434
6316
-75422
51456
-21049
-34271
48805
-15514
28972
38678
-70319
-93500
61390
50519
56446
-55687
40869
58736
-88035
-33337
83109
12838
75701
27172
65042
53451
39593
88011
-4202
87897
93637
29181
-5585
-88623
-73762
-40530
-65221
64436
-19547
83420
-33111
-95603
21646
49340
-35622
24323
-80819
-39417
17073
17851
87825
23357
87403
69619
55054
-5018
65561
-36521
97714
50882
-23097
38247
-4361
65974
-5702
25749
17858
-60052
-74726
-25691
58362
-31423
69157
-48956
-91633
-38031
50696
94299
53941
52146
-81923
66650
-64828
80696
32024
-44986
74922
89962
-82181
86601
-76582
64195
76563
-20162
94419
-65800
-88029
51776
34803
68064
14510
-95040
27285
9163
61745
-58931
-58222
3430
57273
3115
33726
65859
77018
-50265
87932
-16474
-69204
-29700
-72168
19434
72453
47892
77145
-3286
12741
23934
-50969
-43875
-83081
15460
50294
49107
56928
91641
93323
38661
-65093
34277
75702
52307
19617
-10562
41688
12052
86404
-33607
72926
31849
99348
96777
-10216
96273
-97644
55373
5938
-37440
21748
-9620
40266
26030
87011
39021
80179
27617
-32185
10022
35483
93364
-74670
-44297
94244
81816
-67566
-17253
50935
10154
40747
73536
-57871
38278
63372
-8110
92422
7634
88037
-23352
9321
73924
72257
60371
10113
-36791
95354
-9612
49305
18933
34016
87184
66344
69182
84576
12313
11180
46436
15240
82283
-52985
14039
5052
39390
-9367
-4859
23193
7647
-24687
-81743
45015
78812
18119
77460
-69880
34365
54468
9030
47709
51703
-44569
38286
24257
-95125
98416
33859
46576
75280
75744
-11533
88134
-44142
-69956
-39947
-77245
12566
-86038
27402
72440
34892
-12873
27765
19248
99798
93610
-16268
32882
99997
-51408
58328
69419
88293
35227
41404
51700
-54174
82873
99677
22810
10592
-86458
73816
87271
-60004
51582
-42984
-64880
52110
60450
-45599
45462
52376
-57365
-43935
89353
-72249
81388
95150
-57703
20815
-11312
-68113
70728
14124
89390
18980
72975
38839
-23408
48342
37301
26396
66654
-62999
-14526
-9295
85440
77683
73283
-62998
27182
-73177
53334
-68323
32616
65155
75081
-2085
-50923
-41745
24552
66940
66274
41812
74255
15708
24614
77247
76553
-30342
37887
92567
87048
68182
97563
-79073
98793
69933
-90635
-18102
92208
41979
60521
-32596
78274
21895
-58435
-66955
9113
-59106
82890
66617
84190
60228
61773
-15366
87793
-70803
52223
-23212
4163
-84484
97396
45907
-62227
88838
43190
40278
67656
40030
-54488
21235
88394
66246
33263
46766
10218
37851
-58340
51949
26597
-41336
-71893
34994
57772
6803
-68247
-30192
-57903
72910
23721
-4244
88751
79381
63681
5482
85596
-97892
4084
-97037
83563
49768
-69704
84102
14223
32251
14512
-9711
16418
88179
-33900
-46029
16132
-76984
90286
19899
53512
63483
49627
26475
-42422
-39622
-33048
98024
51904
-5217
55517
43126
8647
29692
69782
-72781
57086
22161
59501
-8389
45189
96685
10823
3356
-56563
86358
-73300
83729
87419
80880
838
56146
-65576
2463
64770
-64827
-72344
26021
-31871
83721
-13604
-513
37387
-6677
-73316
-57658
16869
-7731
29936
83175
34526
-42490
85165
65690
73542
81124
57314
11876
41532
-57332
81763
2480
4445
-56729
-96059
-29087
25731
75281
77915
-3585
-28206
14255
-4171
80220
-20337
74030
-66020
-38557
86722
4846
35190
-51192
81163
85297
-43096
48361
-49243
56822
-64401
12597
88073
24664
63138
62384
58507
8292
76816
68098
61610
54882
17929
13833
41512
-96240
-21176
90650
95465
63340
-16361
84114
30779
44218
-27543
-3399
-3535
-69511
99351
64290
29652
-84601
7192
-60076
66217
-99085
24792
-95272
-13431
-992
27457
67954
38326
-28110
-58635
54191
52929
39115
51867
-604
-98261
-76314
20713
78624
86728
-12945
-59661
-83005
56189
11315
-3514
-40938
42123
92217
17070
87727
-30336
38383
73453
60847
72276
-12191
68170
5576
44137
77009
20224
79747
35826
-31991
40437
68227
21584
97475
-99269
30870
45592
-79135
13910
75947
-77256
81351
8728
97655
46539
-35276
87189
95575
85765
17289
-64850
94405
-66874
62030
33902
-14483
28758
8638
70410
-57693
11590
41751
72125
83205
6027
-18575
-86480
19146
99998
-9789
19152
45058
33585
-61049
35641
58770
87363
21662
13498
-30856
43188
28230
38064
-58674
-66378
-9787
-68389
-9092
-84194
81622
64535
42718
-16564
-87038
-7074
87415
5151
55582
-38673
56929
58372
66234
59388
-4386
21120
1242
-2051
-13206
46168
24331
55964
-16983
3043
79983
62474
-22420
-41454
23258
1807
82251
-89306
84236
-65280
85626
35512
-78169
-97355
-90417
43370
-17767
-45136
64515
66668
-87433
-91070
29229
91002
-47385
-48733
-81209
18619
-13546
92356
-92025
12187
-79395
87805
81740
7334
60774
-14507
16605
41294
-37444
10479
12097
15856
20725
5258
81764
-60367
-50421
42894
40470
76986
-86460
-29073
34829
-80535
-36046
66578
-57939
49439
28473
67066
47795
9221
-51256
68204
-77998
-30797
74509
-5347
-68064
57263
14722
90080
-81929
26977
32042
58464
-97128
15879
33281
-40109
4925
75735
-68603
64425
-42617
16428
21181
5652
83853
-51337
2324
71384
53140
-47834
46999
97699
-34502
69185
-67994
-15423
93123
43602
-76186
55240
19709
51585
54205
-59311
-85886
-31591
70742
-60462
16201
84002
-1081
32632
-31276
-84161
63315
5326
83805
-18537
55534
58833
60646
-12129
95366
12284
-40063
-33587
-33536
11001
-18106
47928
10215
40097
85819
7681
-74309
-82771
94764
41995
5317
77348
88391
-62178
90634
24565
43994
-65813
63574
86056
2370
90745
35904
-87287
44068
96450
21386
70420
-98212
7355
-81430
-35411
-42240
79632
44961
30859
35077
99664
70771
39474
54057
-39878
-23200
-60872
80721
48083
37974
-87573
22545
61681
-8544
52663
-89796
90255
-77102
-51059
41305
44427
1233
23743
11352
-81931
93147
5193
12360
-58850
72894
40179
39492
98910
-97990
85579
-40904
79453
-10957
99744
-75021
-47289
89004
-59512
-95010
-60095
67702
-68420
6361
61614
55123
19297
52852
-13816
-1944
-61772
70887
-20786
-37195
-99080
-36486
75762
-72929
87035
-49336
21466
-33667
-76138
77340
25981
-41339
31902
34639
9941
-8639
41865
81676
62793
99634
33893
36301
-29080
33948
-32140
95171
28398
-83700
-62215
-88642
-27999
56831
18058
63144
-30936
30677
49573
95841
-74774
-21697
-78903
40688
66857
-43253
-18379
39055
-67001
91895
72218
-41563
17815
43635
-77046
59520
7089
34385
-73738
6771
37287
69666
19745
-39870
80259
-47459
86803
31282
99089
-85485
52218
41432
-64048
58779
88717
78379
53402
57322
70245
-35546
-66783
-78633
-47680
71682
60485
36382
-39996
47664
91458
-79655
9819
81831
19558
49848
11997
78133
44052
45844
-4507
51979
50344
15521
4001
32210
7454
13459
45552
93975
10096
54912
-67042
-76527
27637
16304
77723
97136
-94471
56233
13668
31757
-75962
51876
16159
62276
-65325
-24002
25885
-19113
60725
23492
79354
4340
-8938
-47949
-24669
19382
575
-97797
-92761
80817
52913
-28277
43173
32320
-58461
-17998
14266
-49465
58564
83638
-14946
59517
87757
70083
93039
76428
31370
24749
-27748
54093
-50707
61849
-70082
26004
46555
11879
88314
52676
-66536
94413
87137
-5525
51198
-6528
25169
2980
8365
78677
13969
-7092
89976
35505
66021
-92186
-86592
-67784
-33091
5713
79237
-1060
-10688
-18109
44522
35327
77119
-94669
37044
83210
-56180
-11273
99819
-92152
-28020
-55024
-10105
49489
-35777
15500
40036
76618
68900
-22075
1459
22487
18505
-38237
50644
89060
-66080
-23747
37994
10458
78661
-91898
52439
11504
77627
40761
14517
74552
-34835
-89174
81003
39796
97970
98921
12431
47562
73164
85442
83627
84768
6178
78166
26603
-29372
65505
22570
72431
-69243
1561
-44191
77541
42911
-6864
14134
-950
89570
-83
41305
20451
25951
-27048
-45943
24366
7705
-83348
-77747
19301
87246
-24662
92309
38108
46221
87440
2704
96029
69500
90657
-98209
68454
78777
-33463
50516
52833
54583
-76968
16587
28769
91093
-25987
61927
98107
20745
-22522
3785
519
80604
14738
24573
44533
20719
26046
74402
75768
-8851
97119
-61596
77857
21813
39120
29181
83815
-73622
-78730
3950
53003
-82590
79 1254
1447 1517
1425 1034
1809 1060
1477 1501
557 1881
910 683
1570 1806
1144 837
479 964
1842 1700
136 1398
924 1189
5 212
1116 290
56 525
296 1483
372 1749
12 470
221 820
280 1503
900 545
1352 1785
747 175
1295 934
689 1569
1370 841
20 679
1337 1059
202 528
760 624
1143 1199
336 575
892 84
1711 506
432 402
1463 303
746 912
1604 1586
16 1180
757 35
177 1173
60 1821
1026 1665
800 1352
1540 1394
1607 1880
301 1003
253 661
958 1654
241 1771
664 1368
1309 247
1356 1444
555 1548
1308 1178
220 1792
1039 620
1473 401
1089 1360
516 1103
967 1365
1578 1467
498 1122
726 906
1039 1588
173 857
1139 244
1125 1184
1645 1335
568 750
648 845
1078 183
1192 1646
1549 1351
568 381
1656 490
881 483
131 1085
406 1696
569 1618
1331 466
716 125
1084 1741
132 1212
718 686
344 887
358 1222
814 1054
1784 367
1294 630
344 1805
41 1626
69 768
42 126
1643 1873
864 1160
1836 222
1583 1458
651 1557
1070 1262
724 332
1382 1342
758 87
878 1090
1625 1024
1389 440
1413 1205
1068 156
304 1404
361 1869
1472 1033
157 1612
1230 1322
1887 1649
257 14
602 340
585 1057
873 1704
457 1091
304 565
1856 5
1713 909
209 1620
1453 945
292 172
65 1857
376 464
762 1402
716 1484
716 1119
1706 68
310 442
462 49
837 246
847 441
958 1596
953 801
1621 1010
1590 956
953 846
1877 542
442 1593
1063 88
103 502
1511 273
134 1735
620 1784
680 430
763 557
685 967
329 178
453 999
1880 1245
869 931
1451 1605
755 734
594 953
1700 447
1085 742
818 1808
527 20
260 1279
257 75
993 304
1509 105
1777 1426
1212 279
401 335
232 1076
680 1030
505 514
376 1014
336 1492
276 1309
1018 1508
41 638
493 1545
1607 728
59 544
726 648
468 509
1418 736
656 817
637 1552
8 614
1456 398
1078 1679
760 902
406 662
665 44
620 970
34 798
173 1028
703 1278
47 717
1077 1798
1052 1796
633 628
1481 1290
620 501
469 622
1849 511
1266 1454
703 1722
463 1443
277 1422
1131 549
133 310
1453 1713
853 280
161 907
555 849
1555 1449
1479 962
424 328
1242 1413
1156 471
1138 1162
1564 1894
747 829
654 274
936 1692
1800 963
993 1207
1270 358
1759 752
703 568
945 31
76 131
664 844
1607 1039
1483 1143
105 856
148 120
274 211
1039 1328
451 1107
1423 275
1345 1179
1767 308
871 1250
1579 12
62 670
685 1259
594 703
1817 1582
253 129
858 1818
1685 913
22 1218
1794 438
945 646
620 1752
1048 500
1421 1362
1168 559
1607 276
574 1226
1242 158
743 971
1894 1223
285 1265
919 1321
739 1382
1585 439
1067 1314
578 392
416 1794
1475 86
1011 1887
1859 491
387 695
1858 245
1685 896
153 1174
1287 643
1728 1715
90 1251
11 103
380 98
1700 423
517 1708
684 1553
425 384
1164 1521
1877 1616
1832 773
1453 253
1663 526
936 617
1117 1319
1233 1062
1168 1761
1555 1152
1145 1302
1618 975
1876 1898
1715 1729
1160 668
757 1689
1227 1401
372 877
1442 1280
1171 73
1062 709
754 1012
663 1576
316 13
1134 1455
925 920
1063 81
310 1135
1530 941
276 1660
1010 1736
1275 1129
679 1879
1000 43
396 1366
1374 1750
332 399
858 209
1361 1123
103 1063
384 135
1289 1685
42 443
1546 517
499 571
1401 1432
464 499
1533 480
1039 991
1686 858
1283 513
105 815
957 1819
1656 1776
298 505
1143 869
907 597
1570 1032
679 727
1805 1370
372 566
630 185
290 1191
34 564
1561 1624
444 1229
1363 318
356 766
780 1855
1148 1159
752 839
150 242
1769 352
1579 214
264 808
1739 512
1765 350
1228 1562
1880 594
1453 665
612 1157
457 323
1229 425
1030 1778
407 27
220 983
1221 1840
1229 1607
1131 650
1510 596
568 923
188 1733
996 641
243 467
1219 1510
815 243
1751 482
1010 1065
647 554
1185 799
1717 1429
203 1746
942 1674
726 1835
1854 116
886 1653
1148 26
97 1219
97 260
557 1193
255 435
1261 1182
1534 1097
970 1164
557 635
1093 1829
874 1194
41 785
1450 314
1608 749
620 481
1347 89
60 604
1343 234
1261 1566
104 961
1838 300
250 174
1796 143
556 1379
1244 82
1780 194
1406 1525
1347 681
332 1571
1711 233
384 553
1028 1800
1449 371
1700 791
1228 1862
1051 1019
626 93
1630 772
920 1333
993 1864
818 1140
951 203
712 1740
384 1533
344 186
398 1196
1406 364
1805 1231
458 1376
354 225
1621 33
1840 1069
1288 968
1686 1762
367 1617
1794 101
660 377
1648 1111
1727 1827
1523 777
1805 929
286 1072
1893 41
1100 453
1353 770
1540 932
1193 495
1813 1877
1501 537
20 1497
4 1109
128 1098
1640 1889
1852 893
959 743
541 1175
1479 387
685 374
1643 1664
1229 133
1626 1188
1614 822
1461 1650
332 1289
675 1599
667 238
1066 293
706 176
953 78
303 124
1730 892
34 1555
1434 459
903 551
599 1116
1730 1717
1324 503
752 1071
505 1667
1856 191
4 729
649 787
425 1082
210 1534
1172 104
1652 1769
663 1619
667 414
79 99
1879 1197
213 805
1852 1714
530 189
803 639
1686 1392
778 699
257 1192
1289 217
1702 581
1422 739
1608 558
412 519
213 878
1069 187
463 719
1607 1513
864 1727
693 294
286 457
1487 1158
1484 69
986 1686
547 1755
241 527
701 230
1254 1810
1479 1247
1547 1170
1706 1493
88 492
1516 623
146 1643
1597 1377
552 659
1600 1703
1655 1356
14 1465
574 8
1347 1332
553 4
1032 1266
1485 831
908 1311
536 58
1652 1417
79 1446
456 538
677 1793
1018 1709
367 794
1641 782
759 311
275 1504
1842 79
1091 1542
709 1344
471 682
682 1337
552 159
274 756
1636 445
270 1100
176 911
706 1320
1417 118
437 510
4 760
737 1839
747 397
148 1048
1144 168
1075 884
1413 1549
1095 629
150 1248
846 1427
553 1261
1483 746
544 1547
1263 117
1608 1412
1039 1423
302 1348
164 412
11 9
1026 1277
111 580
606 278
1563 532
501 1397
630 656
134 783
1143 1568
36 388
188 855
1696 610
507 1108
1816 657
1275 282
1152 1804
1349 1719
333 28
1835 1399
105 1425
1067 1705
370 57
1797 455
948 1235
1046 1878
1617 613
778 1687
802 965
1523 952
996 39
1634 270
1151 859
1609 23
1561 788
1304 37
336 1469
1240 1369
1010 654
1485 205
1685 1844
932 46
151 928
689 797
20 1565
927 1202
1462 1190
146 1807
834 1391
1838 1781
332 110
764 285
463 1459
138 1323
416 747
1451 16
1109 1614
285 1836
1555 1506
1714 978
1138 1234
105 1303
1795 949
1893 1754
1422 1641
1513 488
88 1651
403 267
794 1559
302 1200
41 608
1041 1575
344 379
77 1874
1244 1530
956 182
970 138
607 1524
1423 1304
1414 889
130 1774
113 689
65 263
482 1077
1659 1285
1502 1281
1269 875
310 1306
959 812
608 1516
503 832
1116 1210
1756 1558
859 108
1725 177
558 1707
1607 1590
1105 331
1579 1150
1156 796
1607 1893
84 1127
1362 1161
312 1644
1359 437
694 776
468 92
1634 1812
1576 1603
1748 969
560 1255
1502 419
1284 1663
1160 1358
325 123
608 706
1164 1240
41 1487
1654 1165
1396 1777
1843 66
1003 223
620 939
474 1070
1889 155
1329 716
1209 475
1192 673
486 601
1462 1
579 1474
1442 208
1497 1720
568 1015
930 1550
1693 1661
1500 1125
1622 1424
816 1284
1329 415
21 1436
1477 1400
607 1845
1 593
1520 71
462 348
48 1106
1189 1763
95 1775
1236 935
1639 1480
1288 1104
219 1307
793 1768
1634 210
1877 1183
134 1167
251 107
27 1325
1026 626
1160 625
1686 937
1187 1074
1200 1334
12 469
316 336
780 530
1120 1870
1616 1495
1333 691
522 1092
1180 985
1534 122
1180 762
1500 649
829 34
1777 418
136 1567
1776 1105
737 1405
1127 672
48 814
1770 1745
146 319
1132 821
425 416
1484 261
1590 24
1445 592
1067 1038
1147 1075
1067 302
32 254
685 1843
181 408
674 1327
1134 885
1811 55
325 800
1209 1435
1834 861
487 1274
991 1297
1245 1518
671 1491
1147 145
1710 85
1427 494
864 1773
1211 1387
143 860
1224 732
364 315
607 1511
197 640
1446 1721
117 1241
307 838
1588 324
1616 1642
80 1264
1361 1029
1464 1572
969 634
701 1822
178 1543
1855 1343
1217 851
806 80
233 660
337 904
1667 632
1451 65
123 824
1492 363
1387 341
416 898
630 600
77 1710
138 42
1098 548
1246 1611
742 921
235 330
66 980
1516 373
376 1393
1715 460
1533 1489
908 1346
153 1441
1216 403
1784 579
61 1395
296 1172
1608 421
425 48
42 1148
847 136
1767 534
1564 903
1216 1094
88 705
1428 347
1237 1833
177 979
1640 1339
1561 1088
1630 873
946 692
1817 1133
792 224
913 843
1729 697
1039 342
827 1757
909 305
490 758
471 396
830 943
1874 645
599 806
1332 1706
1033 1831
302 647
1164 1886
92 1648
903 1431
1713 22
444 730
1026 1067
873 1633
425 1751
1118 167
1684 137
1008 1828
627 1688
1656 389
254 248
1388 154
881 146
675 680
1201 658
795 1066
1619 94
456 1416
10 989
41 462
751 891
662 1373
688 417
471 914
1736 707
801 343
1132 930
1099 704
1168 134
1168 751
469 818
1605 29
462 1013
344 1002
752 986
778 618
306 1739
1151 1577
792 1670
1617 1535
66 1305
379 1758
1100 72
1585 411
950 165
1877 1151
729 1463
146 1657
97 1114
1159 380
1641 1699
1893 1532
444 366
1145 166
1179 15
1035 576
1630 976
62 572
1604 202
1266 723
1324 1347
1696 452
69 560
1894 698
1501 1645
366 1329
17 382
1305 590
1766 1378
952 1786
243 1564
206 518
22 479
1730 269
1084 334
583 712
1817 802
22 531
43 1448
689 1891
63 1326
490 383
381 40
366 1579
97 678
1736 901
1093 996
1457 1615
157 1471
22 696
444 1450
45 1118
1442 609
1814 1271
1356 1283
813 819
161 1723
1488 51
801 356
1677 1472
355 1409
949 1004
1710 524
1852 456
36 1318
1143 286
1593 1574
671 119
1354 1267
1751 1312
1619 454
491 1647
1413 320
1158 1652
81 960
1634 1702
1869 1671
1166 666
141 251
1229 1477
59 677
1700 1452
542 6
679 688
703 338
1199 150
55 1338
527 1381
1044 1275
428 1461
931 1502
1279 1299
1676 1852
1544 1146
1276 721
1679 1580
309 1009
117 1383
1138 493
1696 1064
620 241
1006 1258
942 1744
713 1291
1555 256
1775 1783
553 790
1609 1797
643 578
1361 763
1283 262
1114 1037
763 1022
1409 866
1413 1756
1814 1363
1299 1206
1329 157
599 1396
616 847
383 1286
516 140
581 1594
366 536
659 1600
853 1260
1472 142
1172 1216
945 298
206 484
919 1227
766 1849
537 1298
1525 562
9 1093
1037 149
566 1420
1139 1437
277 458
1305 1505
540 1779
1751 1488
1653 621
683 1288
327 226
1795 1693
76 1541
1667 431
1422 710
203 1669
117 737
970 361
1140 1214
1738 627
557 1789
1179 227
698 655
42 1295
558 1815
1423 1046
104 1208
909 543
1370 1629
1590 461
269 67
662 1246
864 1198
428 1820
540 1865
1622 1597
55 1308
1523 1668
748 850
1018 1658
612 1817
1158 1764
1869 1049
1451 1026
620 498
1221 193
1131 1860
1166 1102
1166 1859
92 463
91 868
1576 725
1457 153
221 1201
466 804
1477 862
1304 21
186 1885
1712 362
1827 714
1094 987
261 271
424 693
1529 1470
1237 287
1484 540
214 1486
1668 299
1045 733
989 200
1533 1138
522 393
1887 994
730 1145
1487 774
1112 1244
1218 1371
233 385
1533 1025
1462 489
1039 32
1296 1047
945 353
869 1017
1709 780
4 667
1757 959
1777 1711
1605 1527
140 834
1013 674
945 1156
1342 1169
968 1296
677 1554
1892 1430
1187 718
93 1490
1471 162
1314 284
1451 59
480 1500
677 744
123 1718
241 694
1531 591
993 809
1145 1726
1883 249
622 1353
213 1834
1451 1008
1187 1203
1123 1496
1748 365
366 1546
945 317
729 1482
156 446
780 1475
1521 474
1491 1573
931 954
1018 1073
843 938
881 1388
192 307
1583 1694
951 865
1082 1695
20 1023
1046 235
1690 1884
358 1390
421 1043
1015 144
1730 1537
363 1044
1784 685
748 995
865 351
1022 405
1158 1354
1843 111
32 277
913 1330
1200 1666
1018 1515
219 1724
1411 74
1343 781
1488 404
1244 1610
458 231
1383 449
1172 1361
490 1625
1509 925
1717 835
1631 555
1457 1220
1161 1536
929 998
762 173
461 369
633 1055
1894 70
12 91
661 216
4 236
1805 792
893 811
991 724
1608 1485
1722 1570
1522 36
1067 958
1229 1656
1774 582
1418 215
703 702
481 1627
1639 376
492 615
1497 322
820 1712
416 407
1640 1120
65 810
1112 1294
457 908
1035 854
1695 1623
744 880
1547 1900
24 196
1045 1897
1874 427
229 1217
1159 161
919 1673
217 1011
1348 265
1685 1001
678 306
490 795
1838 563
865 1349
1134 1826
1204 1866
680 1099
833 852
1622 830
1436 1809
469 1186
1769 1364
675 1478
959 1529
1263 642
920 922
1746 339
1622 966
89 1238
1136 301
241 984
59 2
9 1716
59 1725
425 1608
1882 1345
892 1737
192 916
961 1595
1892 10
1477 1842
1696 1816
463 955
1166 1731
239 378
33 237
663 1803
1021 1782
1347 169
945 778
1561 1551
352 413
1758 1315
1880 296
1345 1514
2 863
1237 329
783 472
730 612
1015 972
1305 201
493 765
1320 825
1655 1372
428 7
1487 1136
562 1895
536 1846
1835 391
716 1538
1728 637
1278 1899
1139 1858
945 1882
1035 1101
1128 1171
788 199
1540 826
986 204
105 900
1240 1068
93 1638
1168 1078
1766 1462
1856 11
400 546
93 121
516 76
729 151
1429 1153
1880 1168
1551 888
803 1117
296 1457
619 1121
1159 883
761 1410
366 701
414 631
1099 1851
923 47
118 1519
274 164
970 1324
1665 1853
275 616
1659 63
1730 77
833 1292
807 152
1442 633
701 100
1689 1406
1543 981
517 1300
1253 354
1777 1850
1718 30
490 171
169 988
38 1230
536 1890
1696 239
347 83
1168 337
1802 573
1381 1058
1151 1124
724 910
1512 1697
958 434
176 1204
1000 252
1240 258
1624 1456
522 1181
1123 1375
113 1089
1036 25
1476 1132
1145 504
892 853
1376 867
787 687
818 1636
920 1225
1162 130
1604 587
1895 422
883 1185
1659 1678
384 1187
1413 1408
146 833
1082 924
17 1684
340 577
1746 886
1870 1585
622 1748
808 974
1737 720
243 870
602 1631
1363 619
431 1738
945 325
12 1902
1348 1083
533 486
337 179
827 1730
64 1134
42 881
864 195
1450 218
619 1249
1634 1139
1663 848
981 789
1302 1439
1670 1336
296 1896
772 127
1882 1428
1451 1147
312 1765
194 375
1064 942
1358 894
459 1236
344 45
689 1213
1126 653
1512 62
1451 1544
772 1876
1784 1814
1594 759
1803 1854
651 1606
2 1086
27 521
1721 102
600 1126
386 1209
1150 266
763 1901
828 54
1590 522
924 312
1648 1872
649 3
1606 899
1156 220
663 1112
794 198
241 1499
1126 1868
536 936
1136 181
1231 1440
911 1195
553 1095
1795 359
1078 1659
20 957
1602 1359
1076 784
386 207
1805 406
103 420
733 410
1036 1419
344 779
1121 556
1794 1386
444 1018
683 1050
3 1141
1023 940
594 1481
1583 1389
479 1583
1549 1418
1620 1888
1876 1683
275 1442
1677 1263
846 64
757 432
945 184
333 1276
956 771
1695 297
703 206
465 180
892 1531
384 1142
1555 1021
1658 948
92 1357
1304 1539
1238 1016
1120 333
1051 1691
1640 1239
500 451
1726 1177
1008 1675
1508 349
162 570
1751 671
1529 917
1247 1313
437 1176
730 816
1479 1837
2 1780
457 1598
708 547
1609 1301
648 1584
803 433
62 95
337 60
1735 926
1715 567
810 1732
1462 1040
1607 663
803 281
1880 864
516 915
624 1540
295 1163
1361 468
607 395
1457 1613
238 944
411 997
1298 255
1655 561
135 726
964 1228
1141 1061
456 1447
1899 1526
900 842
1205 436
322 272
1216 529
534 1340
1640 1498
1442 786
1093 1681
1040 409
1846 754
864 1509
749 112
1811 1411
1261 128
1892 219
342 1215
469 213
311 1460
1145 803
366 520
632 240
1711 1051
1579 1677
150 1875
651 1591
1632 1414
304 400
1182 890
1288 652
1195 477
304 17
557 1079
1038 595
1562 368
785 708
1485 160
517 197
93 1766
1608 1609
662 753
571 1587
533 1007
688 1380
1590 1282
925 1563
750 1701
11 990
300 761
109 584
1381 769
1066 1113
1376 1520
1880 264
1139 229
971 1080
1032 1698
1805 1232
1180 496
1138 1041
624 713
1027 611
1602 1621
558 993
1098 1795
83 1252
1653 876
1679 38
1181 1257
1762 321
533 1438
1792 1287
626 1690
1082 1824
1656 1053
1606 1802
253 309
197 541
1549 588
685 56
710 585
1622 288
608 426
233 283
1475 1233
1784 1242
317 114
1361 1374
212 1592
133 516
1114 450
1803 950
552 1871
1715 715
1083 1799
879 1355
984 947
1156 292
1843 836
386 1825
486 775
1527 147
1682 1760
1200 1770
1325 355
950 1830
522 289
406 139
1777 1155
1533 1742
607 1759
1501 132
1135 586
1780 1042
36 1728
1143 1522
1164 1421
480 602
945 295
74 1293
1751 1479
584 897
940 1211
763 232
1709 690
522 257
1112 476
138 1154
431 1087
1501 346
1436 523
644 676
837 106
1746 53
1827 636
1240 599
1712 113
1816 933
1397 465
881 1052
468 1507
1805 1253
696 1384
1428 684
1328 1096
1457 745
156 1589
241 1561
1359 828
463 1581
1053 19
1893 1451
1156 1434
9 977
298 1788
130 448
622 550
437 1273
1269 1832
1039 1027
1499 1269
366 148
417 1528
1853 823
791 357
552 228
1545 1367
246 1243
763 574
1827 1863
835 372
972 1601
1324 1787
1421 919
1393 473
706 386
760 428
1100 1081
879 927
444 827
1224 918
1312 250
1057 507
76 115
1007 767
364 748
679 1272
685 394
589 163
310 1632
841 1791
444 1634
1622 1734
1182 487
1061 478
1504 1035
553 424
750 1310
1032 485
1039 1473
312 1464
1522 1841
1209 664
148 946
1203 1823
113 1341
206 268
1143 700
827 1221
1161 1115
527 345
1428 1848
703 757
221 90
208 741
663 879
1328 1084
1871 669
1698 973
937 1130
546 793
983 589
79 905
1579 1676
1349 644
1723 1316
818 1433
1145 1523
1555 141
972 1350
1483 722
380 1268
729 1790
525 52
20 50
1582 190
22 497
1624 1622
1481 1856
241 871
1892 1000
1026 675
1893 1256
1713 607
1173 1128
933 605
856 1602
1769 535
1609 1811
296 61
105 1630
1075 429
991 951
1141 1743
1788 1403
1143 221
1512 96
682 992
688 508
103 1639
1201 1772
1880 603
1893 533
1551 1861
1189 390
778 1512
312 1682
906 370
1805 1270
253 813
546 569
404 313
1102 1560
854 895
846 1655
1046 1813
751 738
622 874
1535 1137
739 807
1716 1635
1710 1056
1422 1867
241 1144
1788 1556
217 1131
1861 1166
1172 1628
498 882
270 1767
764 1672
1639 552
1754 1753
1524 840
1515 1847
104 1237
1139 1468
166 259
1227 583
1181 1466
523 1578
1031 1680
4 1453
373 326
364 740
1321 1385
1840 1045
1828 1005
979 1407
213 1637
1138 1640
462 1883
1572 982
1706 598
295 192
124 515
12 1838
1459 1317
1796 188
224 1662
361 1892
1084 1006
221 1604
991 360
877 764
292 731
210 711
347 1331
915 1031
249 1020
1008 1110
1279 1036
1500 316
148 735
70 1801
1500 97
1597 755
457 109
814 1747
688 18
1880 872
241 651
1537 291
1580 1445
1605 1476
620 344
1891 539
1007 1415
663 1224
957 327
297 170
1882 606
1261 1149
464 1494
