50 1143 6
19 9
50 39
1 3
21 6
30 36
41 43
30 41
5 22
28 8
47 33
8 43
11 48
41 3
13 21
5 23
29 41
21 37
43 17
31 32
14 47
21 44
22 32
36 41
44 48
29 46
11 36
12 33
49 47
32 5
21 18
28 20
36 46
4 35
22 2
19 34
30 33
2 33
31 20
9 16
46 35
25 30
12 28
3 33
27 21
36 30
3 14
5 39
33 6
29 2
29 48
4 9
6 14
12 11
30 47
31 13
9 38
26 39
39 14
16 48
35 3
27 35
3 27
48 27
43 26
24 13
14 4
15 18
21 39
7 31
21 5
3 10
47 11
28 42
8 20
37 7
12 41
28 49
41 19
35 33
35 26
35 16
45 50
14 9
35 42
33 50
42 49
34 31
19 41
31 48
29 15
26 31
3 36
22 41
13 26
32 19
5 26
15 50
29 50
37 25
35 22
22 1
21 50
34 23
8 30
21 42
12 41
23 47
21 35
23 7
47 39
42 3
44 10
34 25
39 34
36 12
18 7
5 21
30 48
29 22
29 44
19 49
24 17
28 24
48 50
35 30
15 23
4 39
39 12
34 31
38 30
18 9
27 11
5 9
23 28
22 39
24 17
2 16
12 29
4 11
43 18
29 4
12 27
36 12
39 10
4 14
26 11
50 13
12 50
11 24
45 26
11 16
14 17
48 29
8 36
14 45
11 23
37 11
26 40
12 30
48 12
43 32
40 5
37 39
20 41
21 39
40 27
7 37
39 13
37 36
26 10
17 12
31 48
8 50
30 21
36 43
44 30
4 24
42 2
15 46
41 34
20 5
46 39
3 25
42 9
24 46
36 8
12 3
34 44
45 29
23 10
8 47
31 47
48 46
2 20
7 30
8 36
43 5
21 46
49 50
37 10
15 31
43 12
22 13
12 32
36 6
13 18
15 25
41 48
45 30
25 47
23 40
45 3
10 27
46 3
29 27
49 44
35 44
36 37
38 39
27 11
2 7
24 47
3 2
42 36
14 25
8 34
3 39
29 10
30 43
46 41
18 33
18 5
8 25
48 8
26 7
12 42
41 1
2 50
48 8
3 2
50 2
24 2
5 10
18 5
15 21
35 48
15 22
11 1
41 15
24 26
45 34
36 23
15 13
23 20
9 41
14 50
46 14
34 40
40 34
44 36
1 11
47 10
12 30
31 34
12 34
37 23
26 42
22 44
8 10
8 45
1 44
6 34
36 8
40 25
6 4
34 13
41 42
34 37
22 15
34 25
4 43
39 36
6 30
20 12
8 3
18 7
16 40
34 5
18 3
44 15
13 5
28 39
26 18
5 37
9 6
31 24
38 21
29 32
8 18
42 33
25 7
29 26
26 2
34 47
33 26
24 2
12 10
11 4
1 5
17 20
39 45
32 48
38 9
14 9
28 19
45 28
36 13
28 31
26 20
5 43
21 13
34 26
23 20
28 12
25 34
20 9
1 44
6 50
28 34
30 35
10 16
14 1
39 21
28 40
30 44
37 29
44 1
42 29
4 6
37 30
17 2
24 8
3 23
50 8
39 35
10 5
22 37
11 19
18 50
21 47
22 15
19 16
18 11
28 29
28 31
40 14
46 7
40 41
37 8
6 3
37 38
13 48
15 16
47 3
28 49
13 33
38 31
46 2
22 10
30 50
45 33
2 46
49 41
15 12
50 20
15 2
42 46
27 12
30 8
21 17
27 35
3 26
33 47
48 17
31 49
18 11
17 39
12 42
5 21
16 37
26 32
38 30
6 47
33 40
41 14
49 47
22 19
34 22
20 42
10 6
1 29
5 48
47 36
41 35
6 1
14 38
33 46
3 16
24 45
9 24
28 38
6 40
31 2
11 27
28 2
48 43
10 31
34 9
24 13
37 7
2 26
13 31
12 49
33 20
40 27
30 8
5 8
13 8
18 11
1 2
20 37
18 5
38 48
42 5
11 18
29 2
27 34
22 23
11 17
2 42
7 48
41 29
18 48
36 9
32 37
35 16
46 8
10 42
33 27
25 35
48 19
22 7
49 10
41 24
47 33
10 26
24 2
41 13
31 24
9 21
42 39
28 47
44 35
23 27
27 46
43 18
40 6
30 7
3 11
13 22
38 41
50 8
48 7
39 11
28 27
34 46
24 45
29 42
12 17
43 35
42 26
6 23
13 12
4 6
26 21
30 10
43 24
6 38
35 40
11 3
9 30
37 29
34 31
43 21
18 27
26 22
44 2
8 46
35 21
30 36
30 16
7 33
50 17
34 12
37 43
40 8
14 41
23 43
24 21
38 24
24 26
23 19
43 34
7 13
26 41
47 7
8 43
3 45
8 21
30 17
37 21
47 2
30 47
29 39
12 19
8 39
41 45
2 37
31 16
45 28
19 13
21 44
19 32
33 8
26 3
38 8
34 40
11 25
18 34
35 19
45 19
24 38
49 18
38 13
31 17
44 47
25 47
17 3
1 12
13 30
20 21
47 5
11 28
1 38
32 14
3 21
18 46
8 46
8 38
46 36
48 49
5 32
20 15
14 39
25 22
3 23
20 38
26 40
5 21
43 47
24 42
24 38
42 37
21 3
49 3
28 30
42 30
17 29
38 42
31 16
44 6
47 17
32 35
35 19
49 38
18 32
40 2
29 18
24 26
23 37
10 3
21 4
36 12
11 47
42 36
28 22
39 1
7 49
16 41
26 47
39 49
28 14
9 39
3 34
2 44
27 9
33 27
3 2
35 47
11 3
20 32
13 35
50 18
34 28
36 22
34 11
2 6
43 40
32 17
50 18
22 37
35 46
26 44
36 14
1 23
25 18
49 4
2 6
28 26
27 21
30 32
3 7
5 47
11 31
9 26
47 1
35 25
43 10
19 32
41 44
26 20
36 48
3 5
40 24
28 48
40 33
26 45
10 4
24 26
37 25
21 3
46 33
50 35
27 8
20 9
26 38
30 18
11 6
48 5
26 2
44 28
34 18
50 20
14 28
45 48
35 10
3 18
2 41
6 2
5 6
13 4
4 49
29 12
19 10
1 28
4 40
15 3
50 19
34 24
37 2
1 24
1 33
26 36
33 46
12 38
5 14
2 8
25 42
40 27
9 19
40 24
39 13
50 42
43 13
20 8
18 39
31 10
2 12
6 24
32 9
30 36
8 50
6 25
5 49
1 37
17 1
11 35
1 2
17 45
36 12
49 39
46 14
1 8
30 18
10 16
38 24
33 48
4 8
33 13
26 36
37 39
22 3
36 23
10 35
23 35
20 1
7 13
29 9
23 7
7 31
33 16
25 49
10 20
26 8
10 49
34 28
49 30
43 42
48 26
7 49
19 30
38 39
47 40
14 43
31 27
14 6
48 46
17 14
26 32
30 47
23 7
43 8
27 20
4 14
26 32
3 34
17 35
5 41
10 44
15 29
31 40
15 8
23 29
28 41
8 45
37 11
43 15
35 18
29 7
27 50
45 29
30 28
26 2
6 46
36 49
36 16
23 12
12 40
21 48
40 25
8 37
45 43
29 44
49 19
34 48
26 8
21 38
12 18
10 4
10 29
29 1
39 47
8 15
14 25
2 36
28 15
32 10
21 33
41 34
23 20
12 37
37 23
9 39
10 15
40 32
26 41
6 32
37 12
47 16
9 43
5 1
14 24
49 21
36 24
3 8
17 15
23 11
32 37
5 26
41 27
24 10
41 21
44 48
19 37
3 4
33 18
39 38
2 36
48 41
5 34
34 12
48 38
27 7
44 47
33 12
9 50
8 22
6 49
1 3
9 29
30 1
34 20
46 7
19 41
50 35
13 35
31 47
33 30
20 17
24 15
15 50
44 17
39 33
11 24
42 28
31 30
35 38
1 32
22 42
39 20
41 27
48 32
21 30
32 41
2 29
26 11
32 24
13 6
9 18
31 35
45 21
22 6
47 12
12 27
4 12
22 30
25 28
39 8
2 23
24 7
45 43
41 5
16 31
8 46
3 13
38 17
11 12
8 12
43 50
49 2
12 21
30 16
27 6
16 30
22 46
7 20
46 9
43 21
15 3
3 6
19 33
25 49
48 11
45 27
9 48
5 30
41 4
34 47
50 7
4 20
4 17
34 15
5 6
24 45
28 4
50 43
42 14
28 13
16 4
29 15
8 20
34 45
23 48
25 50
38 41
19 38
45 29
46 47
24 37
33 37
15 4
49 25
3 21
2 22
1 2
32 27
35 8
42 44
5 18
46 43
35 28
46 41
32 27
48 8
46 41
22 49
47 43
14 8
29 20
15 33
4 40
3 29
6 3
31 17
8 48
15 1
48 28
43 42
25 48
21 38
25 7
39 25
47 33
24 18
26 48
5 34
30 11
12 9
37 4
41 10
48 35
33 3
37 42
50 6
5 19
17 13
47 15
21 35
40 39
13 3
3 21
25 48
20 11
20 40
19 36
45 39
7 19
43 7
12 11
47 43
7 27
40 5
19 32
6 33
35 4
18 3
40 26
36 11
38 15
16 13
28 46
6 33
7 11
33 25
21 2
26 19
21 47
17 18
37 50
21 26
49 45
46 44
35 23
46 29
32 18
20 13
26 39
21 2
24 45
22 11
14 5
43 26
21 32
7 6
29 40
23 30
15 17
7 2
25 17
6 2
2 25
40 39
32 1
35 9
28 1
48 26
19 38
42 23
30 6
17 48
36 50
48 31
46 31
47 32
4 47
42 23
20 48
49 7
15 44
14 24
36 28
49 44
28 46
38 19
27 47
47 13
19 17
33 22
42 1
43 20
27 19
5 38
6 10
37 35
9 12
31 13
22 3
33 29
3 13
10 20
7 25
40 10
3 45
38 32
15 30
50 36
29 38
11 48
43 8
35 1
33 24
45 46
32 45
38 34
37 3
49 50
31 17
23 5
20 40
10 45
3 28
20 36
45 37
50 5
32 19
28 32
42 50
42 43
35 14
42 23
6 33
5 17
8 47
25 3
2 12
4 45
22 4
1 34
25 42
26 25
6 1
42 5
7 10
41 1
32 28
26 17
33 36
35 39
20 33
18 23
23 30
1 27
41 11
19 27
17 18
46 5
33 15
11 9
31 34
47 7
43 31
7 1
50 17
42 12
10 32
3 17
38 45
34 1
49 38
16 44
23 14
43 30
48 43
