256 45 45
14 -21 -6 -17 -25 -11 14 24 -14 -16 -18 -10 4 -17 -1 -5 -22 -25 6 7 3 12 1 5 -15 2 7 -17 -3 -11 -1 13 -14 22 10 -17 6 -24 -10 22 19 -9 9 -8 -8 
-13 -24 -18 11 -9 5 -9 13 -10 17 -23 12 -22 -8 24 -8 24 15 -13 -22 9 -5 -8 24 5 14 1 7 -2 9 24 -17 -25 -12 4 -1 -22 -13 -22 -15 7 15 -23 -14 -6 
7 11 5 -7 20 17 -11 7 16 -5 15 -14 -9 13 5 10 24 -15 -7 -5 -18 5 11 21 -6 5 -1 -15 -6 -23 13 15 -22 -23 -9 -11 -8 -5 -2 -1 -23 -4 -18 5 18 
9 2 -1 -1 21 13 17 -9 21 -2 6 -2 7 21 9 -8 -21 -25 19 -17 23 -5 19 -7 -14 -13 -11 -22 5 15 -7 5 8 24 -3 4 -17 10 -13 23 3 -1 -15 18 -23 
1 -19 -12 0 5 -6 -19 -4 17 7 -23 -25 -12 -5 -16 17 -16 9 -16 12 -10 -2 -20 -21 -2 -13 -6 0 18 -8 -17 1 20 6 -16 23 -19 6 0 21 10 6 13 -6 15 
1 3 5 1 19 7 22 18 -9 5 -18 3 -18 22 7 8 -24 11 -10 -21 -20 -20 23 16 8 -5 17 -5 -23 19 -21 21 -11 19 8 -20 4 -16 22 10 -24 16 -17 13 10 
-17 4 -5 -20 20 -16 -6 -4 -24 20 -17 -23 17 -22 -9 3 -7 -2 -8 -9 -14 4 -6 13 -4 -12 2 -13 -21 -24 23 18 -23 2 -8 23 -10 7 9 21 5 22 16 3 -13 
-2 -11 -4 -17 -14 -4 8 -18 -24 14 -18 -14 13 -14 7 15 -20 -20 16 -14 2 21 24 4 -6 -16 15 5 -21 -10 -14 15 3 -3 20 21 16 -2 23 24 7 -12 16 -1 22 
-15 15 -14 13 -24 -25 23 -5 14 9 13 15 22 -22 10 3 17 -18 -23 -17 10 -19 4 9 -9 -19 -14 -21 10 -20 2 -13 -14 15 10 23 -6 0 -1 -24 -8 5 -8 5 -9 
-11 -18 22 -9 -11 10 -24 -1 -21 6 -24 -22 -21 -23 12 -22 20 19 -10 -9 -4 -9 23 23 7 -18 21 -7 8 20 -17 -9 -25 5 -7 -5 -12 -22 -18 12 21 22 -20 12 17 
23 20 -1 10 -14 -15 -2 -3 7 19 7 18 -17 -24 -25 5 11 11 -22 19 24 -18 -23 -3 16 20 -25 -15 0 8 6 14 18 -16 -4 -9 1 11 21 -24 -13 -22 12 -3 -23 
20 -2 0 2 -23 -3 5 -5 9 5 -5 -13 13 15 15 7 -25 -1 19 1 14 -21 2 -13 15 18 14 -18 5 17 -23 -17 24 -13 6 -24 10 22 8 -4 11 -18 10 -6 -15 
-10 13 -23 5 4 -1 23 -21 21 -14 -20 -22 -24 -7 -5 7 -2 -19 16 -2 -19 -6 5 4 -20 0 -12 12 -11 -25 -11 5 17 8 22 17 -1 24 24 6 -2 -10 -21 -14 -11 
-11 21 17 22 14 2 -17 -21 -25 -15 21 19 7 -9 14 11 -3 -21 -7 6 6 10 -25 -13 -24 -24 6 6 2 3 -2 24 16 -4 -14 14 -22 -24 -21 -12 -14 8 -1 10 -4 
24 -18 18 -18 3 10 -2 -21 14 12 9 11 -24 7 18 19 -13 7 -4 -21 -4 -9 -15 3 7 21 15 -16 -12 -25 -9 -6 -20 11 2 -2 -23 -11 24 -23 -11 -24 16 -5 10 
12 -6 0 11 23 -18 20 7 7 -25 21 -16 -17 -25 -11 -13 10 -3 -2 5 0 -22 6 -23 17 -19 -16 -6 -22 -10 -12 8 -23 -24 -13 -2 5 2 -20 18 -18 5 -14 -25 -25 
-8 -15 16 12 -16 -7 -18 -21 21 -17 15 -3 -3 1 5 4 -5 18 11 6 1 -21 -6 3 14 19 -17 -2 -17 -2 24 15 -15 -11 10 4 -14 1 14 4 -20 -8 6 -16 11 
-23 21 8 -5 -19 -9 7 15 -4 6 10 11 -10 11 -23 -7 5 19 -4 -9 -22 -23 -23 -24 17 -22 -9 -10 1 10 3 12 -25 19 -16 8 8 -16 -18 -18 17 10 22 -22 0 
22 14 -22 -25 -19 -23 17 21 -12 10 -9 13 -23 -12 -21 7 -10 -21 3 8 -25 -11 20 14 8 -21 -2 5 14 -19 9 7 -8 5 -22 19 5 -7 -9 -16 15 19 2 24 20 
24 -10 -12 4 -12 -15 -11 -1 8 21 -20 -5 -19 20 11 -19 20 18 15 -13 11 -24 -12 4 -3 -3 17 23 -11 14 -8 -18 -24 13 23 17 21 -22 5 4 -22 -25 -17 -2 -25 
-17 -14 12 -10 -3 -11 21 -22 16 -21 -22 14 17 -8 10 19 22 -2 16 -19 4 -3 -25 19 -13 -12 -8 21 -23 17 -8 -22 18 -8 1 9 -4 1 -6 -9 7 19 11 10 10 
-23 -24 -24 19 3 11 24 -13 -5 6 -14 -7 3 -23 1 3 2 -24 23 24 -23 -6 -6 -24 5 -4 -19 -2 -16 1 15 24 7 23 -11 16 -17 -7 17 -24 13 -5 4 -19 -15 
18 22 18 20 -9 -9 9 -22 22 15 7 -22 5 17 11 -20 -4 6 -10 13 7 17 -11 9 -11 -25 -2 -15 -10 9 -6 3 -10 22 18 -14 0 12 12 -8 -4 11 -18 -7 -20 
-16 -17 -2 -11 -25 -9 16 -19 -11 17 -1 -14 12 11 -13 -3 24 9 -3 -12 4 15 3 -20 -9 -21 -15 6 15 -20 17 20 -24 6 11 -23 -25 -1 -25 -20 -13 10 8 -3 14 
10 -25 12 6 20 7 2 1 -3 -18 -11 9 -17 -8 -23 -2 -14 -24 -25 20 -20 -5 3 -4 -21 -16 8 -19 22 1 -3 -17 -8 -15 -15 22 -18 -17 -8 4 -9 -13 12 24 -1 
5 12 18 -2 23 21 -22 -2 -1 -14 -22 20 -25 24 9 15 5 -1 -5 19 -15 -3 8 14 -15 21 7 14 8 -19 -4 -19 -24 -2 -7 -18 0 18 12 -2 -22 -5 13 -11 21 
-20 -15 17 17 -12 -25 4 16 11 -9 -9 7 0 15 -15 -11 -7 -17 -4 -19 -13 -12 -6 3 -14 -20 1 23 -9 9 20 -22 -9 -8 -16 -23 -17 -13 1 14 3 3 -13 6 4 
20 -6 -11 9 -17 12 -15 -9 12 -9 -20 -12 -4 6 -5 -9 15 17 12 -25 5 -8 -15 -16 23 16 -16 -22 -13 -9 19 -22 21 2 5 -17 10 2 16 -1 -3 10 4 -25 3 
11 24 5 4 -20 -9 18 -12 13 17 -5 21 -4 5 -5 -8 16 -8 -10 5 23 24 -11 -10 -22 -3 -23 -23 -7 -1 22 -15 -22 -16 7 -19 -16 -22 21 1 -13 -13 23 -20 -21 
15 19 5 7 17 4 -2 -22 -10 -24 14 -10 -5 -21 -16 23 21 -23 -5 -4 -21 -6 -23 5 -12 -25 -9 -25 11 -25 -7 -6 -1 -7 17 17 22 -17 -19 6 -13 -14 -8 4 -3 
16 3 -3 -21 13 4 -14 16 23 14 -24 13 -3 4 -18 -18 -25 8 -16 11 6 -25 11 -23 11 -23 -22 6 -20 1 -7 -3 24 -3 -8 -5 14 13 17 21 -4 11 12 21 19 
-17 -19 -5 -11 5 -11 6 16 -22 0 23 -25 -16 -5 -4 6 5 0 6 4 0 -5 0 -5 -7 8 -10 -12 20 9 -17 -23 -20 -7 -25 17 -5 -2 6 -11 0 -16 -2 17 -20 
-12 -15 -15 -4 -2 -9 0 12 -21 -16 16 -25 4 14 -19 -15 -7 -5 -23 -10 -6 -2 -2 22 24 2 18 24 -23 16 1 -19 -15 -11 -22 5 -19 -17 11 22 -9 21 -12 -9 -1 
-21 3 -19 -2 -5 -5 3 -10 -18 -5 9 -11 -8 -18 -24 3 -5 -15 -7 11 -15 19 -15 24 -10 -4 -21 -7 3 23 -3 22 -16 -20 -14 -2 -19 18 -15 -8 -19 24 0 13 15 
12 13 -7 14 -16 -19 -23 5 20 -12 -3 -1 -8 0 21 -18 3 10 6 11 -20 10 -21 -18 -12 -17 -1 7 7 -16 -18 -4 0 -3 3 7 -18 8 13 -6 20 -4 -25 14 -23 
-11 22 -20 2 8 -2 8 1 15 -25 14 -6 0 -9 24 -22 -23 12 -11 -1 3 -17 -23 -9 -6 -25 22 -17 -5 4 -4 2 -22 -7 -15 -14 -18 -9 -20 3 22 12 -23 9 -4 
-2 21 -25 -18 -18 -15 8 0 14 -20 -19 -8 3 8 -20 12 7 -22 5 7 19 19 -8 13 16 15 -5 -15 4 -15 13 -11 -11 11 5 11 -17 -7 12 22 -23 -12 -13 10 -1 
4 22 18 4 21 -15 -24 2 -3 -25 -21 -1 -19 12 -25 22 23 -10 0 9 2 -10 -14 7 2 -1 19 10 15 -25 -3 21 21 21 21 -2 13 -12 11 -11 -4 10 -8 -22 -20 
0 -14 20 16 -8 -4 4 -5 -1 -8 -10 -18 -16 16 -18 11 -7 23 21 -13 0 -20 13 22 -14 9 1 13 10 -11 -23 3 2 15 -12 -5 24 3 5 -1 -10 23 18 -9 18 
-2 -22 17 9 -21 9 -9 24 -7 -10 -10 13 -18 4 5 -5 -16 -13 -19 0 -3 17 -23 0 7 -11 7 -2 0 -12 -14 -12 18 -15 -21 -4 -19 -13 -12 -21 -4 0 6 -19 -25 
-5 -4 -14 -5 -12 -2 9 6 -7 16 -1 -2 24 23 -18 8 2 17 1 -3 18 3 10 -24 16 -16 17 0 7 -13 -16 10 -24 8 5 -10 18 -7 -7 6 19 -11 -9 22 -5 
3 -10 -24 -2 4 -24 10 -9 0 -12 14 -25 -6 6 13 -15 -25 -11 -1 1 1 6 23 8 20 23 0 17 -15 -6 14 9 10 13 -7 7 14 -12 4 -10 10 -11 15 11 20 
-19 6 18 -23 -15 -5 -10 24 -24 -9 2 -4 21 -2 -20 -4 14 14 -23 10 -24 -13 -16 24 -2 13 6 -3 -19 -25 -16 12 4 15 15 10 16 -7 15 7 -3 -14 5 24 18 
15 -4 -8 10 -7 18 -4 1 -17 15 -14 0 7 -2 -13 4 -5 -22 -22 -25 2 -21 23 -7 -7 -19 12 -1 13 5 18 -21 0 -13 -25 10 7 13 20 1 -6 7 -13 19 -12 
13 -25 15 -17 24 13 -5 1 16 15 -15 14 8 2 -3 18 2 21 16 14 5 0 -8 -10 11 12 -2 21 -11 -9 -1 -2 -6 -3 7 -3 11 1 -17 1 -7 11 7 10 18 
